# Simple Text Format
# Sampling Rate (Hz):= 125.00
# Resolution:= 12
# Labels:= ECG
2067
2056
2047
2047
2047
2047
2046
2046
2046
2046
2046
2046
2046
2046
2046
2046
2046
2046
2046
2046
2046
2046
2046
2047
2047
2047
2048
2048
2049
2050
2050
2051
2051
2052
2052
2051
2051
2050
2049
2048
2048
2047
2046
2046
2046
2046
2046
2046
2046
2046
2046
2046
2046
2046
2046
2046
2046
2046
2046
2046
2046
2046
2046
2046
2046
2047
2047
2048
2048
2048
2048
2047
2047
2046
2046
2046
2045
2045
2045
2045
2045
2045
2045
2045
2045
2044
2049
2057
2065
2064
2049
2045
2046
2046
2046
2045
2045
2045
2045
2045
2045
2045
2045
2045
2045
2045
2045
2045
2046
2046
2046
2046
2046
2047
2047
2048
2048
2049
2049
2050
2051
2051
2051
2051
2050
2049
2048
2047
2046
2046
2046
2045
2045
2045
2045
2045
2045
2045
2045
2046
2046
2046
2046
2046
2066
2056
2047
2047
2047
2047
2046
2046
2046
2046
2046
2046
2046
2046
2046
2046
2046
2046
2046
2046
2046
2046
2046
2047
2047
2047
2048
2048
2049
2050
2050
2051
2051
2052
2052
2051
2051
2050
2049
2048
2048
2047
2046
2046
2046
2046
2046
2046
2046
2046
2046
2046
2046
2046
2046
2046
2046
2046
2046
2046
2046
2046
2046
2046
2046
2047
2047
2048
2048
2048
2048
2047
2047
2046
2046
2046
2045
2045
2045
2045
2045
2045
2045
2045
2045
2044
2049
2057
2065
2064
2049
2045
2046
2046
2046
2045
2045
2045
2045
2045
2045
2045
2045
2045
2045
2045
2045
2045
2046
2046
2046
2046
2046
2047
2047
2048
2048
2049
2049
2050
2051
2051
2051
2051
2050
2049
2048
2047
2046
2046
2046
2045
2045
2045
2045
2045
2045
2045
2045
2046
2046
2046
2046
2046
2066
2056
2047
2047
2047
2047
2046
2046
2046
2046
2046
2046
2046
2046
2046
2046
2046
2046
2046
2046
2046
2046
2046
2047
2047
2047
2048
2048
2049
2050
2050
2051
2051
2052
2052
2051
2051
2050
2049
2048
2048
2047
2046
2046
2046
2046
2046
2046
2046
2046
2046
2046
2046
2046
2046
2046
2046
2046
2046
2046
2046
2046
2046
2046
2046
2047
2047
2048
2048
2048
2048
2047
2047
2046
2046
2046
2045
2045
2045
2045
2045
2045
2045
2045
2045
2044
2049
2057
2065
2064
2049
2045
2046
2046
2046
2045
2045
2045
2045
2045
2045
2045
2045
2045
2045
2045
2045
2045
2046
2046
2046
2046
2046
2047
2047
2048
2048
2049
2049
2050
2051
2051
2051
2051
2050
2049
2048
2047
2046
2046
2046
2045
2045
2045
2045
2045
2045
2045
2045
2046
2046
2046
2046
2046
2067
2056
2047
2047
2047
2047
2046
2046
2046
2046
2046
2046
2046
2046
2046
2046
2046
2046
2046
2046
2046
2046
2046
2047
2047
2047
2048
2048
2049
2050
2050
2051
2051
2052
2052
2051
2051
2050
2049
2048
2048
2047
2046
2046
2046
2046
2046
2046
2046
2046
2046
2046
2046
2046
2046
2046
2046
2046
2046
2046
2046
2046
2046
2046
2046
2047
2047
2048
2048
2048
2048
2047
2047
2046
2046
2046
2045
2045
2045
2045
2045
2045
2045
2045
2045
2044
2049
2057
2065
2064
2049
2045
2046
2046
2046
2045
2045
2045
2045
2045
2045
2045
2045
2045
2045
2045
2045
2045
2046
2046
2046
2046
2046
2047
2047
2048
2048
2049
2049
2050
2051
2051
2051
2051
2050
2049
2048
2047
2046
2046
2046
2045
2045
2045
2045
2045
2045
2045
2045
2046
2046
2046
2046
2046
2066
2056
2047
2047
2047
2047
2046
2046
2046
2046
2046
2046
2046
2046
2046
2046
2046
2046
2046
2046
2046
2046
2046
2047
2047
2047
2048
2048
2049
2050
2050
2051
2051
2052
2052
2051
2051
2050
2049
2048
2048
2047
2046
2046
2046
2046
2046
2046
2046
2046
2046
2046
2046
2046
2046
2046
2046
2046
2046
2046
2046
2046
2046
2046
2046
2047
2047
2048
2048
2048
2048
2047
2047
2046
2046
2046
2045
2045
2045
2045
2045
2045
2045
2045
2045
2044
2049
2057
2065
2064
2049
2045
2046
2046
2046
2045
2045
2045
2045
2045
2045
2045
2045
2045
2045
2045
2045
2045
2046
2046
2046
2046
2046
2047
2047
2048
2048
2049
2049
2050
2051
2051
2051
2051
2050
2049
2048
2047
2046
2046
2046
2045
2045
2045
2045
2045
2045
2045
2045
2046
2046
2046
2046
2046
2067
2056
2047
2047
2047
2047
2046
2046
2046
2046
2046
2046
2046
2046
2046
2046
2046
2046
2046
2046
2046
2046
2046
2047
2047
2047
2048
2048
2049
2050
2050
2051
2051
2052
2052
2051
2051
2050
2049
2048
2048
2047
2046
2046
2046
2046
2046
2046
2046
2046
2046
2046
2046
2046
2046
2046
2046
2046
2046
2046
2046
2046
2046
2046
2046
2047
2047
2048
2048
2048
2048
2047
2047
2046
2046
2046
2045
2045
2045
2045
2045
2045
2045
2045
2045
2044
2049
2057
2065
2064
2049
2045
2046
2046
2046
2045
2045
2045
2045
2045
2045
2045
2045
2045
2045
2045
2045
2045
2046
2046
2046
2046
2046
2047
2047
2048
2048
2049
2049
2050
2051
2051
2051
2051
2050
2049
2048
2047
2046
2046
2046
2045
2045
2045
2045
2045
2045
2045
2045
2046
2046
2046
2046
2046
2067
2056
2047
2047
2047
2047
2046
2046
2046
2046
2046
2046
2046
2046
2046
2046
2046
2046
2046
2046
2046
2046
2046
2047
2047
2047
2048
2048
2049
2050
2050
2051
2051
2052
2052
2051
2051
2050
2049
2048
2048
2047
2046
2046
2046
2046
2046
2046
2046
2046
2046
2046
2046
2046
2046
2046
2046
2046
2046
2046
2046
2046
2046
2046
2046
2047
2047
2048
2048
2048
2048
2047
2047
2046
2046
2046
2045
2045
2045
2045
2045
2045
2045
2045
2045
2044
2049
2057
2065
2063
2048
2045
2046
2046
2046
2045
2045
2045
2045
2045
2045
2045
2045
2045
2045
2045
2045
2045
2046
2046
2046
2046
2046
2047
2047
2048
2048
2049
2049
2050
2051
2051
2051
2051
2050
2049
2048
2047
2046
2046
2046
2045
2045
2045
2045
2045
2045
2045
2045
2046
2046
2046
2046
